#p124
x <- c(1, 2, 3, 4)
y <- c(5, 6, 7, 8)
x+y
x*y
z <- x + y
z