#p124
x <- c(1, 2, 3, 4)
y <- c(5, 6, 7, 8)
x+y
x*y
z <- x + y
z

#p135 코드4-3
m <- c(x, y)
m

n <- c(y, x)
n

p <- c(x, y, 90, 100)
p