#p147
#1번
#리스트, 벡터, 팩터

#2번
a <- c(1, 2); b <- '3'; c <- c(a, b); d <- "4"
#종류가 다른 것은: a

#3번
v1 <- c(6, 1, 3, 7, 9)
v2 <- c(9, 1, 0, 3, 7)